service_id,date,exception_type
281,20250606,1
281,20250613,1
281,20250620,1
281,20250627,1
281,20250704,1
281,20250711,1
282,20250607,1
282,20250614,1
282,20250621,1
282,20250628,1
282,20250705,1
282,20250712,1
420,20250602,1
420,20250603,1
420,20250604,1
420,20250605,1
420,20250609,1
420,20250610,1
420,20250611,1
420,20250612,1
420,20250616,1
420,20250617,1
420,20250618,1
420,20250619,1
420,20250623,1
420,20250624,1
420,20250625,1
420,20250626,1
420,20250630,1
420,20250701,1
420,20250702,1
420,20250703,1
420,20250707,1
420,20250708,1
420,20250709,1
420,20250710,1
420,20250714,1
420,20250715,1
420,20250716,1
696,20250519,1
696,20250520,1
696,20250521,1
696,20250522,1
696,20250526,1
696,20250527,1
696,20250528,1
696,20250529,1
696,20250602,1
696,20250603,1
696,20250604,1
696,20250605,1
696,20250609,1
696,20250610,1
696,20250611,1
696,20250612,1
696,20250616,1
696,20250617,1
696,20250618,1
696,20250619,1
696,20250623,1
696,20250624,1
696,20250625,1
696,20250626,1
696,20250630,1
697,20250523,1
697,20250530,1
697,20250606,1
697,20250613,1
697,20250620,1
697,20250627,1
698,20250701,1
698,20250702,1
698,20250703,1
698,20250707,1
698,20250708,1
698,20250709,1
698,20250710,1
698,20250714,1
698,20250715,1
698,20250716,1
699,20250704,1
699,20250711,1
700,20250518,1
700,20250525,1
700,20250601,1
700,20250608,1
700,20250615,1
700,20250622,1
700,20250629,1
702,20250706,1
702,20250713,1
706,20250523,1
706,20250530,1
706,20250606,1
706,20250613,1
706,20250620,1
706,20250627,1
707,20250519,1
707,20250520,1
707,20250521,1
707,20250522,1
707,20250526,1
707,20250527,1
707,20250528,1
707,20250529,1
707,20250602,1
707,20250603,1
707,20250604,1
707,20250605,1
707,20250609,1
707,20250610,1
707,20250611,1
707,20250612,1
707,20250616,1
707,20250617,1
707,20250618,1
707,20250619,1
707,20250623,1
707,20250624,1
707,20250625,1
707,20250626,1
707,20250630,1
709,20250518,1
709,20250525,1
709,20250601,1
709,20250608,1
709,20250615,1
709,20250622,1
709,20250629,1
710,20250704,1
710,20250711,1
711,20250701,1
711,20250702,1
711,20250703,1
711,20250707,1
711,20250708,1
711,20250709,1
711,20250710,1
711,20250714,1
711,20250715,1
711,20250716,1
713,20250706,1
713,20250713,1
718,20250519,1
718,20250520,1
718,20250521,1
718,20250522,1
718,20250523,1
718,20250526,1
718,20250527,1
718,20250528,1
718,20250529,1
718,20250530,1
718,20250602,1
718,20250603,1
718,20250604,1
718,20250605,1
718,20250606,1
718,20250609,1
718,20250610,1
718,20250611,1
718,20250612,1
718,20250613,1
718,20250616,1
718,20250617,1
718,20250618,1
718,20250619,1
718,20250620,1
718,20250623,1
718,20250624,1
718,20250625,1
718,20250626,1
718,20250627,1
718,20250630,1
718,20250701,1
718,20250702,1
718,20250703,1
718,20250704,1
718,20250707,1
718,20250708,1
718,20250709,1
718,20250710,1
718,20250711,1
718,20250714,1
718,20250715,1
718,20250716,1
719,20250519,1
719,20250520,1
719,20250521,1
719,20250522,1
719,20250523,1
719,20250526,1
719,20250527,1
719,20250528,1
719,20250529,1
719,20250530,1
719,20250602,1
719,20250603,1
719,20250604,1
719,20250605,1
719,20250606,1
719,20250609,1
719,20250610,1
719,20250611,1
719,20250612,1
719,20250613,1
719,20250616,1
719,20250617,1
719,20250618,1
719,20250619,1
719,20250620,1
719,20250623,1
719,20250624,1
719,20250625,1
719,20250626,1
719,20250627,1
719,20250630,1
719,20250701,1
719,20250702,1
719,20250703,1
719,20250704,1
719,20250707,1
719,20250708,1
719,20250709,1
719,20250710,1
719,20250711,1
719,20250714,1
719,20250715,1
719,20250716,1
723,20250519,1
723,20250520,1
723,20250521,1
723,20250522,1
723,20250523,1
723,20250526,1
723,20250527,1
723,20250528,1
723,20250529,1
723,20250530,1
723,20250602,1
723,20250603,1
723,20250604,1
723,20250605,1
723,20250606,1
723,20250609,1
723,20250610,1
723,20250611,1
723,20250612,1
723,20250613,1
723,20250616,1
723,20250617,1
723,20250618,1
723,20250619,1
723,20250620,1
723,20250623,1
723,20250624,1
723,20250625,1
723,20250626,1
723,20250627,1
723,20250630,1
723,20250701,1
723,20250702,1
723,20250703,1
723,20250704,1
723,20250707,1
723,20250708,1
723,20250709,1
723,20250710,1
723,20250711,1
723,20250714,1
723,20250715,1
723,20250716,1
731,20250519,1
731,20250520,1
731,20250521,1
731,20250522,1
731,20250523,1
731,20250526,1
731,20250527,1
731,20250528,1
731,20250529,1
731,20250530,1
731,20250602,1
731,20250603,1
731,20250604,1
731,20250605,1
731,20250606,1
731,20250609,1
731,20250610,1
731,20250611,1
731,20250612,1
731,20250613,1
731,20250616,1
731,20250617,1
731,20250618,1
731,20250619,1
731,20250620,1
731,20250623,1
731,20250624,1
731,20250625,1
731,20250626,1
731,20250627,1
731,20250630,1
731,20250701,1
731,20250702,1
731,20250703,1
731,20250704,1
731,20250707,1
731,20250708,1
731,20250709,1
731,20250710,1
731,20250711,1
731,20250714,1
731,20250715,1
731,20250716,1
732,20250519,1
732,20250520,1
732,20250521,1
732,20250522,1
732,20250523,1
732,20250526,1
732,20250527,1
732,20250528,1
732,20250529,1
732,20250530,1
732,20250602,1
732,20250603,1
732,20250604,1
732,20250605,1
732,20250606,1
732,20250609,1
732,20250610,1
732,20250611,1
732,20250612,1
732,20250613,1
732,20250616,1
732,20250617,1
732,20250618,1
732,20250619,1
732,20250620,1
732,20250623,1
732,20250624,1
732,20250625,1
732,20250626,1
732,20250627,1
732,20250630,1
732,20250701,1
732,20250702,1
732,20250703,1
732,20250704,1
732,20250707,1
732,20250708,1
732,20250709,1
732,20250710,1
732,20250711,1
732,20250714,1
732,20250715,1
732,20250716,1
741,20250519,1
741,20250520,1
741,20250521,1
741,20250522,1
741,20250523,1
741,20250526,1
741,20250527,1
741,20250528,1
741,20250529,1
741,20250530,1
761,20250519,1
761,20250520,1
761,20250521,1
761,20250522,1
761,20250523,1
761,20250526,1
761,20250527,1
761,20250528,1
761,20250529,1
761,20250530,1
761,20250602,1
761,20250603,1
761,20250604,1
761,20250605,1
761,20250606,1
761,20250609,1
761,20250610,1
761,20250611,1
761,20250612,1
761,20250613,1
761,20250616,1
761,20250617,1
761,20250618,1
761,20250619,1
761,20250620,1
761,20250623,1
761,20250624,1
761,20250625,1
761,20250626,1
761,20250627,1
761,20250630,1
761,20250701,1
761,20250702,1
761,20250703,1
761,20250704,1
761,20250707,1
761,20250708,1
761,20250709,1
761,20250710,1
761,20250711,1
761,20250714,1
761,20250715,1
761,20250716,1
763,20250519,1
763,20250520,1
763,20250521,1
763,20250522,1
763,20250523,1
763,20250526,1
763,20250527,1
763,20250528,1
763,20250529,1
763,20250530,1
763,20250602,1
763,20250603,1
763,20250604,1
763,20250605,1
763,20250606,1
763,20250609,1
763,20250610,1
763,20250611,1
763,20250612,1
763,20250613,1
763,20250616,1
763,20250617,1
763,20250618,1
763,20250619,1
763,20250620,1
763,20250623,1
763,20250624,1
763,20250625,1
763,20250626,1
763,20250627,1
763,20250630,1
763,20250701,1
763,20250702,1
763,20250703,1
763,20250704,1
763,20250707,1
763,20250708,1
763,20250709,1
763,20250710,1
763,20250711,1
763,20250714,1
763,20250715,1
763,20250716,1
765,20250519,1
765,20250520,1
765,20250521,1
765,20250522,1
765,20250523,1
765,20250526,1
765,20250527,1
765,20250528,1
765,20250529,1
765,20250530,1
765,20250602,1
765,20250603,1
765,20250604,1
765,20250605,1
765,20250606,1
765,20250609,1
765,20250610,1
765,20250611,1
765,20250612,1
765,20250613,1
765,20250616,1
765,20250617,1
765,20250618,1
765,20250619,1
765,20250620,1
765,20250623,1
765,20250624,1
765,20250625,1
765,20250626,1
765,20250627,1
765,20250630,1
765,20250701,1
765,20250702,1
765,20250703,1
765,20250704,1
765,20250707,1
765,20250708,1
765,20250709,1
765,20250710,1
765,20250711,1
765,20250714,1
765,20250715,1
765,20250716,1
767,20250519,1
767,20250520,1
767,20250521,1
767,20250522,1
767,20250523,1
767,20250526,1
767,20250527,1
767,20250528,1
767,20250529,1
767,20250530,1
767,20250602,1
767,20250603,1
767,20250604,1
767,20250605,1
767,20250606,1
767,20250609,1
767,20250610,1
767,20250611,1
767,20250612,1
767,20250613,1
767,20250616,1
767,20250617,1
767,20250618,1
767,20250619,1
767,20250620,1
767,20250623,1
767,20250624,1
767,20250625,1
767,20250626,1
767,20250627,1
767,20250630,1
767,20250701,1
767,20250702,1
767,20250703,1
767,20250704,1
767,20250707,1
767,20250708,1
767,20250709,1
767,20250710,1
767,20250711,1
767,20250714,1
767,20250715,1
767,20250716,1
769,20250519,1
769,20250520,1
769,20250521,1
769,20250522,1
769,20250523,1
769,20250526,1
769,20250527,1
769,20250528,1
769,20250529,1
769,20250530,1
769,20250602,1
769,20250603,1
769,20250604,1
769,20250605,1
769,20250606,1
769,20250609,1
769,20250610,1
769,20250611,1
769,20250612,1
769,20250613,1
769,20250616,1
769,20250617,1
769,20250618,1
769,20250619,1
769,20250620,1
769,20250623,1
769,20250624,1
769,20250625,1
769,20250626,1
769,20250627,1
769,20250630,1
769,20250701,1
769,20250702,1
769,20250703,1
769,20250704,1
769,20250707,1
769,20250708,1
769,20250709,1
769,20250710,1
769,20250711,1
769,20250714,1
769,20250715,1
769,20250716,1
771,20250519,1
771,20250520,1
771,20250521,1
771,20250522,1
771,20250523,1
771,20250526,1
771,20250527,1
771,20250528,1
771,20250529,1
771,20250530,1
771,20250602,1
771,20250603,1
771,20250604,1
771,20250605,1
771,20250606,1
771,20250609,1
771,20250610,1
771,20250611,1
771,20250612,1
771,20250613,1
771,20250616,1
771,20250617,1
771,20250618,1
771,20250619,1
771,20250620,1
771,20250623,1
771,20250624,1
771,20250625,1
771,20250626,1
771,20250627,1
771,20250630,1
771,20250701,1
771,20250702,1
771,20250703,1
771,20250704,1
771,20250707,1
771,20250708,1
771,20250709,1
771,20250710,1
771,20250711,1
771,20250714,1
771,20250715,1
771,20250716,1
773,20250519,1
773,20250520,1
773,20250521,1
773,20250522,1
773,20250523,1
773,20250526,1
773,20250527,1
773,20250528,1
773,20250529,1
773,20250530,1
773,20250602,1
773,20250603,1
773,20250604,1
773,20250605,1
773,20250606,1
773,20250609,1
773,20250610,1
773,20250611,1
773,20250612,1
773,20250613,1
773,20250616,1
773,20250617,1
773,20250618,1
773,20250619,1
773,20250620,1
773,20250623,1
773,20250624,1
773,20250625,1
773,20250626,1
773,20250627,1
773,20250630,1
775,20250701,1
775,20250702,1
775,20250703,1
775,20250704,1
775,20250707,1
775,20250708,1
775,20250709,1
775,20250710,1
775,20250711,1
775,20250714,1
775,20250715,1
775,20250716,1
777,20250519,1
777,20250520,1
777,20250521,1
777,20250522,1
777,20250523,1
777,20250526,1
777,20250527,1
777,20250528,1
777,20250529,1
777,20250530,1
777,20250602,1
777,20250603,1
777,20250604,1
777,20250605,1
777,20250606,1
777,20250609,1
777,20250610,1
777,20250611,1
777,20250612,1
777,20250613,1
777,20250616,1
777,20250617,1
777,20250618,1
777,20250619,1
777,20250620,1
777,20250623,1
777,20250624,1
777,20250625,1
777,20250626,1
777,20250627,1
777,20250630,1
777,20250701,1
777,20250702,1
777,20250703,1
777,20250704,1
777,20250707,1
777,20250708,1
777,20250709,1
777,20250710,1
777,20250711,1
777,20250714,1
777,20250715,1
777,20250716,1
781,20250519,1
781,20250520,1
781,20250521,1
781,20250522,1
781,20250523,1
781,20250526,1
781,20250527,1
781,20250528,1
781,20250529,1
781,20250530,1
781,20250602,1
781,20250603,1
781,20250604,1
781,20250605,1
781,20250606,1
781,20250609,1
781,20250610,1
781,20250611,1
781,20250612,1
781,20250613,1
781,20250616,1
781,20250617,1
781,20250618,1
781,20250619,1
781,20250620,1
781,20250623,1
781,20250624,1
781,20250625,1
781,20250626,1
781,20250627,1
781,20250630,1
781,20250701,1
781,20250702,1
781,20250703,1
781,20250704,1
781,20250707,1
781,20250708,1
781,20250709,1
781,20250710,1
781,20250711,1
781,20250714,1
781,20250715,1
781,20250716,1
783,20250519,1
783,20250520,1
783,20250521,1
783,20250522,1
783,20250523,1
783,20250526,1
783,20250527,1
783,20250528,1
783,20250529,1
783,20250530,1
783,20250602,1
783,20250603,1
783,20250604,1
783,20250605,1
783,20250606,1
783,20250609,1
783,20250610,1
783,20250611,1
783,20250612,1
783,20250613,1
783,20250616,1
783,20250617,1
783,20250618,1
783,20250619,1
783,20250620,1
783,20250623,1
783,20250624,1
783,20250625,1
783,20250626,1
783,20250627,1
783,20250630,1
783,20250701,1
783,20250702,1
783,20250703,1
783,20250704,1
783,20250707,1
783,20250708,1
783,20250709,1
783,20250710,1
783,20250711,1
783,20250714,1
783,20250715,1
783,20250716,1
785,20250519,1
785,20250520,1
785,20250521,1
785,20250522,1
785,20250523,1
785,20250526,1
785,20250527,1
785,20250528,1
785,20250529,1
785,20250530,1
785,20250602,1
785,20250603,1
785,20250604,1
785,20250605,1
785,20250606,1
785,20250609,1
785,20250610,1
785,20250611,1
785,20250612,1
785,20250613,1
785,20250616,1
785,20250617,1
785,20250618,1
785,20250619,1
785,20250620,1
785,20250623,1
785,20250624,1
785,20250625,1
785,20250626,1
785,20250627,1
785,20250630,1
785,20250701,1
785,20250702,1
785,20250703,1
785,20250704,1
785,20250707,1
785,20250708,1
785,20250709,1
785,20250710,1
785,20250711,1
785,20250714,1
785,20250715,1
785,20250716,1
787,20250519,1
787,20250520,1
787,20250521,1
787,20250522,1
787,20250523,1
787,20250526,1
787,20250527,1
787,20250528,1
787,20250529,1
787,20250530,1
787,20250602,1
787,20250603,1
787,20250604,1
787,20250605,1
787,20250606,1
787,20250609,1
787,20250610,1
787,20250611,1
787,20250612,1
787,20250613,1
787,20250616,1
787,20250617,1
787,20250618,1
787,20250619,1
787,20250620,1
787,20250623,1
787,20250624,1
787,20250625,1
787,20250626,1
787,20250627,1
787,20250630,1
787,20250701,1
787,20250702,1
787,20250703,1
787,20250704,1
787,20250707,1
787,20250708,1
787,20250709,1
787,20250710,1
787,20250711,1
787,20250714,1
787,20250715,1
787,20250716,1
791,20250519,1
791,20250520,1
791,20250521,1
791,20250522,1
791,20250523,1
791,20250526,1
791,20250527,1
791,20250528,1
791,20250529,1
791,20250530,1
791,20250602,1
791,20250603,1
791,20250604,1
791,20250605,1
791,20250606,1
791,20250609,1
791,20250610,1
791,20250611,1
791,20250612,1
791,20250613,1
791,20250616,1
791,20250617,1
791,20250618,1
791,20250619,1
791,20250620,1
791,20250623,1
791,20250624,1
791,20250625,1
791,20250626,1
791,20250627,1
791,20250630,1
791,20250701,1
791,20250702,1
791,20250703,1
791,20250704,1
791,20250707,1
791,20250708,1
791,20250709,1
791,20250710,1
791,20250711,1
791,20250714,1
791,20250715,1
791,20250716,1
795,20250519,1
795,20250520,1
795,20250521,1
795,20250522,1
795,20250523,1
795,20250526,1
795,20250527,1
795,20250528,1
795,20250529,1
795,20250530,1
795,20250602,1
795,20250603,1
795,20250604,1
795,20250605,1
795,20250606,1
795,20250609,1
795,20250610,1
795,20250611,1
795,20250612,1
795,20250613,1
795,20250616,1
795,20250617,1
795,20250618,1
795,20250619,1
795,20250620,1
795,20250623,1
795,20250624,1
795,20250625,1
795,20250626,1
795,20250627,1
795,20250630,1
795,20250701,1
795,20250702,1
795,20250703,1
795,20250704,1
795,20250707,1
795,20250708,1
795,20250709,1
795,20250710,1
795,20250711,1
795,20250714,1
795,20250715,1
795,20250716,1
803,20250519,1
803,20250520,1
803,20250521,1
803,20250522,1
803,20250523,1
803,20250526,1
803,20250527,1
803,20250528,1
803,20250529,1
803,20250530,1
803,20250602,1
803,20250603,1
803,20250604,1
803,20250605,1
803,20250606,1
803,20250609,1
803,20250610,1
803,20250611,1
803,20250612,1
803,20250613,1
803,20250616,1
803,20250617,1
803,20250618,1
803,20250619,1
803,20250620,1
803,20250623,1
803,20250624,1
803,20250625,1
803,20250626,1
803,20250627,1
803,20250630,1
803,20250701,1
803,20250702,1
803,20250703,1
803,20250704,1
803,20250707,1
803,20250708,1
803,20250709,1
803,20250710,1
803,20250711,1
803,20250714,1
803,20250715,1
803,20250716,1
807,20250519,1
807,20250520,1
807,20250521,1
807,20250522,1
807,20250523,1
807,20250526,1
807,20250527,1
807,20250528,1
807,20250529,1
807,20250530,1
807,20250602,1
807,20250603,1
807,20250604,1
807,20250605,1
807,20250606,1
807,20250609,1
807,20250610,1
807,20250611,1
807,20250612,1
807,20250613,1
807,20250616,1
807,20250617,1
807,20250618,1
807,20250619,1
807,20250620,1
807,20250623,1
807,20250624,1
807,20250625,1
807,20250626,1
807,20250627,1
807,20250630,1
807,20250701,1
807,20250702,1
807,20250703,1
807,20250704,1
807,20250707,1
807,20250708,1
807,20250709,1
807,20250710,1
807,20250711,1
807,20250714,1
807,20250715,1
807,20250716,1
814,20250519,1
814,20250520,1
814,20250521,1
814,20250522,1
814,20250523,1
814,20250526,1
814,20250527,1
814,20250528,1
814,20250529,1
814,20250530,1
814,20250602,1
814,20250603,1
814,20250604,1
814,20250605,1
814,20250606,1
814,20250609,1
814,20250610,1
814,20250611,1
814,20250612,1
814,20250613,1
814,20250616,1
814,20250617,1
814,20250618,1
814,20250619,1
814,20250620,1
814,20250623,1
814,20250624,1
814,20250625,1
814,20250626,1
814,20250627,1
814,20250630,1
814,20250701,1
814,20250702,1
814,20250703,1
814,20250704,1
814,20250707,1
814,20250708,1
814,20250709,1
814,20250710,1
814,20250711,1
814,20250714,1
814,20250715,1
814,20250716,1
816,20250519,1
816,20250520,1
816,20250521,1
816,20250522,1
816,20250523,1
816,20250526,1
816,20250527,1
816,20250528,1
816,20250529,1
816,20250530,1
816,20250602,1
816,20250603,1
816,20250604,1
816,20250605,1
816,20250606,1
816,20250609,1
816,20250610,1
816,20250611,1
816,20250612,1
816,20250613,1
816,20250616,1
816,20250617,1
816,20250618,1
816,20250619,1
816,20250620,1
816,20250623,1
816,20250624,1
816,20250625,1
816,20250626,1
816,20250627,1
816,20250630,1
816,20250701,1
816,20250702,1
816,20250703,1
816,20250704,1
816,20250707,1
816,20250708,1
816,20250709,1
816,20250710,1
816,20250711,1
816,20250714,1
816,20250715,1
816,20250716,1
819,20250517,1
819,20250518,1
819,20250524,1
819,20250525,1
819,20250531,1
819,20250601,1
819,20250607,1
819,20250608,1
819,20250614,1
819,20250615,1
819,20250621,1
819,20250622,1
819,20250628,1
819,20250629,1
819,20250705,1
819,20250706,1
819,20250712,1
819,20250713,1
868,20250517,1
868,20250518,1
868,20250524,1
868,20250525,1
868,20250531,1
868,20250601,1
868,20250607,1
868,20250608,1
868,20250614,1
868,20250615,1
868,20250621,1
868,20250622,1
868,20250628,1
868,20250629,1
868,20250705,1
868,20250706,1
868,20250712,1
868,20250713,1
871,20250517,1
871,20250518,1
871,20250524,1
871,20250525,1
871,20250531,1
871,20250601,1
871,20250607,1
871,20250608,1
871,20250614,1
871,20250615,1
871,20250621,1
871,20250622,1
871,20250628,1
871,20250629,1
871,20250705,1
871,20250706,1
871,20250712,1
871,20250713,1
872,20250517,1
872,20250518,1
872,20250524,1
872,20250525,1
872,20250531,1
872,20250601,1
872,20250607,1
872,20250608,1
872,20250614,1
872,20250615,1
872,20250621,1
872,20250622,1
872,20250628,1
872,20250629,1
872,20250705,1
872,20250706,1
872,20250712,1
872,20250713,1
876,20250517,1
876,20250518,1
876,20250524,1
876,20250525,1
876,20250531,1
882,20250601,1
882,20250608,1
882,20250615,1
882,20250622,1
882,20250629,1
882,20250706,1
882,20250713,1
883,20250517,1
883,20250524,1
883,20250531,1
883,20250607,1
883,20250614,1
883,20250621,1
883,20250628,1
884,20250517,1
884,20250524,1
884,20250531,1
884,20250607,1
884,20250614,1
884,20250621,1
884,20250628,1
885,20250705,1
885,20250712,1
886,20250705,1
886,20250712,1
894,20250517,1
894,20250518,1
894,20250524,1
894,20250525,1
894,20250531,1
894,20250601,1
894,20250607,1
894,20250608,1
894,20250614,1
894,20250615,1
894,20250621,1
894,20250622,1
894,20250628,1
894,20250629,1
894,20250705,1
894,20250706,1
894,20250712,1
894,20250713,1
895,20250517,1
895,20250518,1
895,20250524,1
895,20250525,1
895,20250531,1
895,20250601,1
895,20250607,1
895,20250608,1
895,20250614,1
895,20250615,1
895,20250621,1
895,20250622,1
895,20250628,1
895,20250629,1
895,20250705,1
895,20250706,1
895,20250712,1
895,20250713,1
896,20250517,1
896,20250518,1
896,20250524,1
896,20250525,1
896,20250531,1
896,20250601,1
896,20250607,1
896,20250608,1
896,20250614,1
896,20250615,1
896,20250621,1
896,20250622,1
896,20250628,1
896,20250629,1
896,20250705,1
896,20250706,1
896,20250712,1
896,20250713,1
897,20250517,1
897,20250518,1
897,20250524,1
897,20250525,1
897,20250531,1
897,20250601,1
897,20250607,1
897,20250608,1
897,20250614,1
897,20250615,1
897,20250621,1
897,20250622,1
897,20250628,1
897,20250629,1
897,20250705,1
897,20250706,1
897,20250712,1
897,20250713,1
898,20250517,1
898,20250518,1
898,20250524,1
898,20250525,1
898,20250531,1
898,20250601,1
898,20250607,1
898,20250608,1
898,20250614,1
898,20250615,1
898,20250621,1
898,20250622,1
898,20250628,1
898,20250629,1
898,20250705,1
898,20250706,1
898,20250712,1
898,20250713,1
899,20250517,1
899,20250518,1
899,20250524,1
899,20250525,1
899,20250531,1
899,20250601,1
899,20250607,1
899,20250608,1
899,20250614,1
899,20250615,1
899,20250621,1
899,20250622,1
899,20250628,1
899,20250629,1
899,20250705,1
899,20250706,1
899,20250712,1
899,20250713,1
900,20250517,1
900,20250518,1
900,20250524,1
900,20250525,1
900,20250531,1
900,20250601,1
900,20250607,1
900,20250608,1
900,20250614,1
900,20250615,1
900,20250621,1
900,20250622,1
900,20250628,1
900,20250629,1
900,20250705,1
900,20250706,1
900,20250712,1
900,20250713,1
901,20250517,1
901,20250518,1
901,20250524,1
901,20250525,1
901,20250531,1
901,20250601,1
901,20250607,1
901,20250608,1
901,20250614,1
901,20250615,1
901,20250621,1
901,20250622,1
901,20250628,1
901,20250629,1
902,20250705,1
902,20250706,1
902,20250712,1
902,20250713,1
903,20250517,1
903,20250518,1
903,20250524,1
903,20250525,1
903,20250531,1
903,20250601,1
903,20250607,1
903,20250608,1
903,20250614,1
903,20250615,1
903,20250621,1
903,20250622,1
903,20250628,1
903,20250629,1
903,20250705,1
903,20250706,1
903,20250712,1
903,20250713,1
905,20250517,1
905,20250518,1
905,20250524,1
905,20250525,1
905,20250531,1
905,20250601,1
905,20250607,1
905,20250608,1
905,20250614,1
905,20250615,1
905,20250621,1
905,20250622,1
905,20250628,1
905,20250629,1
905,20250705,1
905,20250706,1
905,20250712,1
905,20250713,1
906,20250517,1
906,20250518,1
906,20250524,1
906,20250525,1
906,20250531,1
906,20250601,1
906,20250607,1
906,20250608,1
906,20250614,1
906,20250615,1
906,20250621,1
906,20250622,1
906,20250628,1
906,20250629,1
906,20250705,1
906,20250706,1
906,20250712,1
906,20250713,1
907,20250517,1
907,20250518,1
907,20250524,1
907,20250525,1
907,20250531,1
907,20250601,1
907,20250607,1
907,20250608,1
907,20250614,1
907,20250615,1
907,20250621,1
907,20250622,1
907,20250628,1
907,20250629,1
907,20250705,1
907,20250706,1
907,20250712,1
907,20250713,1
908,20250517,1
908,20250518,1
908,20250524,1
908,20250525,1
908,20250531,1
908,20250601,1
908,20250607,1
908,20250608,1
908,20250614,1
908,20250615,1
908,20250621,1
908,20250622,1
908,20250628,1
908,20250629,1
908,20250705,1
908,20250706,1
908,20250712,1
908,20250713,1
909,20250517,1
909,20250518,1
909,20250524,1
909,20250525,1
909,20250531,1
909,20250601,1
909,20250607,1
909,20250608,1
909,20250614,1
909,20250615,1
909,20250621,1
909,20250622,1
909,20250628,1
909,20250629,1
909,20250705,1
909,20250706,1
909,20250712,1
909,20250713,1
912,20250517,1
912,20250518,1
912,20250524,1
912,20250525,1
912,20250531,1
912,20250601,1
912,20250607,1
912,20250608,1
912,20250614,1
912,20250615,1
912,20250621,1
912,20250622,1
912,20250628,1
912,20250629,1
912,20250705,1
912,20250706,1
912,20250712,1
912,20250713,1
915,20250517,1
915,20250518,1
915,20250524,1
915,20250525,1
915,20250531,1
915,20250601,1
915,20250607,1
915,20250608,1
915,20250614,1
915,20250615,1
915,20250621,1
915,20250622,1
915,20250628,1
915,20250629,1
915,20250705,1
915,20250706,1
915,20250712,1
915,20250713,1
918,20250517,1
918,20250518,1
918,20250524,1
918,20250525,1
918,20250531,1
918,20250601,1
918,20250607,1
918,20250608,1
918,20250614,1
918,20250615,1
918,20250621,1
918,20250622,1
918,20250628,1
918,20250629,1
918,20250705,1
918,20250706,1
918,20250712,1
918,20250713,1
920,20250519,1
920,20250520,1
920,20250521,1
920,20250522,1
920,20250523,1
920,20250526,1
920,20250527,1
920,20250528,1
920,20250529,1
920,20250530,1
920,20250602,1
920,20250603,1
920,20250604,1
920,20250605,1
920,20250606,1
920,20250609,1
920,20250610,1
920,20250611,1
920,20250612,1
920,20250613,1
920,20250616,1
920,20250617,1
920,20250618,1
920,20250619,1
920,20250620,1
920,20250623,1
920,20250624,1
920,20250625,1
920,20250626,1
920,20250627,1
920,20250630,1
920,20250701,1
920,20250702,1
920,20250703,1
920,20250704,1
920,20250707,1
920,20250708,1
920,20250709,1
920,20250710,1
920,20250711,1
920,20250714,1
920,20250715,1
920,20250716,1
921,20250517,1
921,20250518,1
921,20250524,1
921,20250525,1
921,20250531,1
921,20250601,1
921,20250607,1
921,20250608,1
921,20250614,1
921,20250615,1
921,20250621,1
921,20250622,1
921,20250628,1
921,20250629,1
921,20250705,1
921,20250706,1
921,20250712,1
921,20250713,1
922,20250519,1
922,20250520,1
922,20250521,1
922,20250522,1
922,20250523,1
922,20250526,1
922,20250527,1
922,20250528,1
922,20250529,1
922,20250530,1
922,20250602,1
922,20250603,1
922,20250604,1
922,20250605,1
922,20250606,1
922,20250609,1
922,20250610,1
922,20250611,1
922,20250612,1
922,20250613,1
922,20250616,1
922,20250617,1
922,20250618,1
922,20250619,1
922,20250620,1
922,20250623,1
922,20250624,1
922,20250625,1
922,20250626,1
922,20250627,1
922,20250630,1
922,20250701,1
922,20250702,1
922,20250703,1
922,20250704,1
922,20250707,1
922,20250708,1
922,20250709,1
922,20250710,1
922,20250711,1
922,20250714,1
922,20250715,1
922,20250716,1
923,20250517,1
923,20250518,1
923,20250524,1
923,20250525,1
923,20250531,1
923,20250601,1
923,20250607,1
923,20250608,1
923,20250614,1
923,20250615,1
923,20250621,1
923,20250622,1
923,20250628,1
923,20250629,1
923,20250705,1
923,20250706,1
923,20250712,1
923,20250713,1
924,20250519,1
924,20250520,1
924,20250521,1
924,20250522,1
924,20250523,1
924,20250526,1
924,20250527,1
924,20250528,1
924,20250529,1
924,20250530,1
924,20250602,1
924,20250603,1
924,20250604,1
924,20250605,1
924,20250606,1
924,20250609,1
924,20250610,1
924,20250611,1
924,20250612,1
924,20250613,1
924,20250616,1
924,20250617,1
924,20250618,1
924,20250619,1
924,20250620,1
924,20250623,1
924,20250624,1
924,20250625,1
924,20250626,1
924,20250627,1
924,20250630,1
924,20250701,1
924,20250702,1
924,20250703,1
924,20250704,1
924,20250707,1
924,20250708,1
924,20250709,1
924,20250710,1
924,20250711,1
924,20250714,1
924,20250715,1
924,20250716,1
925,20250517,1
925,20250518,1
925,20250524,1
925,20250525,1
925,20250531,1
925,20250601,1
925,20250607,1
925,20250608,1
925,20250614,1
925,20250615,1
925,20250621,1
925,20250622,1
925,20250628,1
925,20250629,1
925,20250705,1
925,20250706,1
925,20250712,1
925,20250713,1
926,20250602,1
926,20250603,1
926,20250604,1
926,20250605,1
926,20250606,1
926,20250609,1
926,20250610,1
926,20250611,1
926,20250612,1
926,20250613,1
926,20250616,1
926,20250617,1
926,20250618,1
926,20250619,1
926,20250620,1
926,20250623,1
926,20250624,1
926,20250625,1
926,20250626,1
926,20250627,1
926,20250630,1
926,20250701,1
926,20250702,1
926,20250703,1
926,20250704,1
926,20250707,1
926,20250708,1
926,20250709,1
926,20250710,1
926,20250711,1
926,20250714,1
926,20250715,1
926,20250716,1
927,20250601,1
927,20250607,1
927,20250608,1
927,20250614,1
927,20250615,1
927,20250621,1
927,20250622,1
927,20250628,1
927,20250629,1
927,20250705,1
927,20250706,1
927,20250712,1
927,20250713,1
929,20250519,1
929,20250520,1
929,20250521,1
929,20250522,1
929,20250523,1
929,20250526,1
929,20250527,1
929,20250528,1
929,20250529,1
929,20250530,1
929,20250602,1
929,20250603,1
929,20250604,1
929,20250605,1
929,20250606,1
929,20250609,1
929,20250610,1
929,20250611,1
929,20250612,1
929,20250613,1
929,20250616,1
929,20250617,1
929,20250618,1
929,20250619,1
929,20250620,1
929,20250623,1
929,20250624,1
929,20250625,1
929,20250626,1
929,20250627,1
929,20250630,1
929,20250701,1
929,20250702,1
929,20250703,1
929,20250704,1
929,20250707,1
929,20250708,1
929,20250709,1
929,20250710,1
929,20250711,1
929,20250714,1
929,20250715,1
929,20250716,1
930,20250517,1
930,20250518,1
930,20250524,1
930,20250525,1
930,20250531,1
930,20250601,1
930,20250607,1
930,20250608,1
930,20250614,1
930,20250615,1
930,20250621,1
930,20250622,1
930,20250628,1
930,20250629,1
930,20250705,1
930,20250706,1
930,20250712,1
930,20250713,1
1001,20250519,1
1001,20250520,1
1001,20250521,1
1001,20250522,1
1001,20250523,1
1001,20250526,1
1001,20250527,1
1001,20250528,1
1001,20250529,1
1001,20250530,1
1001,20250602,1
1001,20250603,1
1001,20250604,1
1001,20250605,1
1001,20250606,1
1001,20250609,1
1001,20250610,1
1001,20250611,1
1001,20250612,1
1001,20250613,1
1001,20250616,1
1001,20250617,1
1001,20250618,1
1001,20250619,1
1001,20250620,1
1001,20250623,1
1001,20250624,1
1001,20250625,1
1001,20250626,1
1001,20250627,1
1001,20250630,1
1001,20250701,1
1001,20250702,1
1001,20250703,1
1001,20250704,1
1001,20250707,1
1001,20250708,1
1001,20250709,1
1001,20250710,1
1001,20250711,1
1001,20250714,1
1001,20250715,1
1001,20250716,1
1002,20250517,1
1002,20250518,1
1002,20250524,1
1002,20250525,1
1002,20250531,1
1002,20250601,1
1002,20250607,1
1002,20250608,1
1002,20250614,1
1002,20250615,1
1002,20250621,1
1002,20250622,1
1002,20250628,1
1002,20250629,1
1002,20250705,1
1002,20250706,1
1002,20250712,1
1002,20250713,1
1021,20250517,1
1021,20250518,1
1021,20250524,1
1021,20250525,1
1021,20250531,1
1021,20250601,1
1021,20250607,1
1021,20250608,1
1021,20250614,1
1021,20250615,1
1021,20250621,1
1021,20250622,1
1021,20250628,1
1021,20250629,1
1021,20250705,1
1021,20250706,1
1021,20250712,1
1021,20250713,1
1022,20250519,1
1022,20250520,1
1022,20250521,1
1022,20250522,1
1022,20250523,1
1022,20250526,1
1022,20250527,1
1022,20250528,1
1022,20250529,1
1022,20250530,1
1022,20250602,1
1022,20250603,1
1022,20250604,1
1022,20250605,1
1022,20250606,1
1022,20250609,1
1022,20250610,1
1022,20250611,1
1022,20250612,1
1022,20250613,1
1022,20250616,1
1022,20250617,1
1022,20250618,1
1022,20250619,1
1022,20250620,1
1022,20250623,1
1022,20250624,1
1022,20250625,1
1022,20250626,1
1022,20250627,1
1022,20250630,1
1022,20250701,1
1022,20250702,1
1022,20250703,1
1022,20250704,1
1022,20250707,1
1022,20250708,1
1022,20250709,1
1022,20250710,1
1022,20250711,1
1022,20250714,1
1022,20250715,1
1022,20250716,1
1044,20250519,1
1044,20250520,1
1044,20250521,1
1044,20250522,1
1044,20250523,1
1044,20250526,1
1044,20250527,1
1044,20250528,1
1044,20250529,1
1044,20250530,1
1044,20250602,1
1044,20250603,1
1044,20250604,1
1044,20250605,1
1044,20250606,1
1044,20250609,1
1044,20250610,1
1044,20250611,1
1044,20250612,1
1044,20250613,1
1044,20250616,1
1044,20250617,1
1044,20250618,1
1044,20250619,1
1044,20250620,1
1044,20250623,1
1044,20250624,1
1044,20250625,1
1044,20250626,1
1044,20250627,1
1044,20250630,1
1044,20250701,1
1044,20250702,1
1044,20250703,1
1044,20250704,1
1044,20250707,1
1044,20250708,1
1044,20250709,1
1044,20250710,1
1044,20250711,1
1044,20250714,1
1044,20250715,1
1044,20250716,1
1045,20250517,1
1045,20250518,1
1045,20250524,1
1045,20250525,1
1045,20250531,1
1045,20250601,1
1045,20250607,1
1045,20250608,1
1045,20250614,1
1045,20250615,1
1045,20250621,1
1045,20250622,1
1045,20250628,1
1045,20250629,1
1045,20250705,1
1045,20250706,1
1045,20250712,1
1045,20250713,1
1046,20250519,1
1046,20250520,1
1046,20250521,1
1046,20250522,1
1046,20250523,1
1046,20250526,1
1046,20250527,1
1046,20250528,1
1046,20250529,1
1046,20250530,1
1046,20250602,1
1046,20250603,1
1046,20250604,1
1046,20250605,1
1046,20250606,1
1046,20250609,1
1046,20250610,1
1046,20250611,1
1046,20250612,1
1046,20250613,1
1046,20250616,1
1046,20250617,1
1046,20250618,1
1046,20250619,1
1046,20250620,1
1046,20250623,1
1046,20250624,1
1046,20250625,1
1046,20250626,1
1046,20250627,1
1046,20250630,1
1046,20250701,1
1046,20250702,1
1046,20250703,1
1046,20250704,1
1046,20250707,1
1046,20250708,1
1046,20250709,1
1046,20250710,1
1046,20250711,1
1046,20250714,1
1046,20250715,1
1046,20250716,1
1047,20250517,1
1047,20250518,1
1047,20250524,1
1047,20250525,1
1047,20250531,1
1047,20250601,1
1047,20250607,1
1047,20250608,1
1047,20250614,1
1047,20250615,1
1047,20250621,1
1047,20250622,1
1047,20250628,1
1047,20250629,1
1047,20250705,1
1047,20250706,1
1047,20250712,1
1047,20250713,1
1049,20250519,1
1049,20250520,1
1049,20250521,1
1049,20250522,1
1049,20250523,1
1049,20250526,1
1049,20250527,1
1049,20250528,1
1049,20250529,1
1049,20250530,1
1049,20250602,1
1049,20250603,1
1049,20250604,1
1049,20250605,1
1049,20250606,1
1049,20250609,1
1049,20250610,1
1049,20250611,1
1049,20250612,1
1049,20250613,1
1049,20250616,1
1049,20250617,1
1049,20250618,1
1049,20250619,1
1049,20250620,1
1049,20250623,1
1049,20250624,1
1049,20250625,1
1049,20250626,1
1049,20250627,1
1049,20250630,1
1049,20250701,1
1049,20250702,1
1049,20250703,1
1049,20250704,1
1049,20250707,1
1049,20250708,1
1049,20250709,1
1049,20250710,1
1049,20250711,1
1049,20250714,1
1049,20250715,1
1049,20250716,1
1050,20250517,1
1050,20250518,1
1050,20250524,1
1050,20250525,1
1050,20250531,1
1050,20250601,1
1050,20250607,1
1050,20250608,1
1050,20250614,1
1050,20250615,1
1050,20250621,1
1050,20250622,1
1050,20250628,1
1050,20250629,1
1050,20250705,1
1050,20250706,1
1050,20250712,1
1050,20250713,1
1075,20250519,1
1075,20250520,1
1075,20250521,1
1075,20250522,1
1075,20250526,1
1075,20250527,1
1075,20250528,1
1075,20250529,1
1076,20250523,1
1076,20250530,1
1077,20250517,1
1077,20250524,1
1077,20250531,1
1078,20250518,1
1078,20250525,1
1118,20250519,1
1118,20250520,1
1118,20250521,1
1118,20250522,1
1118,20250523,1
1118,20250526,1
1118,20250527,1
1118,20250528,1
1118,20250529,1
1118,20250530,1
1118,20250602,1
1118,20250603,1
1118,20250604,1
1118,20250605,1
1118,20250606,1
1118,20250609,1
1118,20250610,1
1118,20250611,1
1118,20250612,1
1118,20250613,1
1118,20250616,1
1118,20250617,1
1118,20250618,1
1118,20250619,1
1118,20250620,1
1118,20250623,1
1118,20250624,1
1118,20250625,1
1118,20250626,1
1118,20250627,1
1118,20250630,1
1118,20250701,1
1118,20250702,1
1118,20250703,1
1118,20250704,1
1118,20250707,1
1118,20250708,1
1118,20250709,1
1118,20250710,1
1118,20250711,1
1118,20250714,1
1118,20250715,1
1118,20250716,1
1119,20250517,1
1119,20250518,1
1119,20250524,1
1119,20250525,1
1119,20250531,1
1119,20250601,1
1119,20250607,1
1119,20250608,1
1119,20250614,1
1119,20250615,1
1119,20250621,1
1119,20250622,1
1119,20250628,1
1119,20250629,1
1119,20250705,1
1119,20250706,1
1119,20250712,1
1119,20250713,1
1167,20250519,1
1167,20250520,1
1167,20250521,1
1167,20250522,1
1167,20250526,1
1167,20250527,1
1167,20250528,1
1167,20250529,1
1167,20250602,1
1167,20250603,1
1167,20250604,1
1167,20250605,1
1167,20250609,1
1167,20250610,1
1167,20250611,1
1167,20250612,1
1167,20250616,1
1167,20250617,1
1167,20250618,1
1167,20250619,1
1167,20250623,1
1167,20250624,1
1167,20250625,1
1167,20250626,1
1167,20250630,1
1168,20250523,1
1168,20250530,1
1168,20250606,1
1168,20250613,1
1168,20250620,1
1168,20250627,1
1169,20250517,1
1169,20250524,1
1169,20250531,1
1169,20250607,1
1169,20250614,1
1169,20250621,1
1169,20250628,1
1170,20250518,1
1170,20250525,1
1170,20250601,1
1170,20250608,1
1170,20250615,1
1170,20250622,1
1170,20250629,1
1171,20250701,1
1171,20250702,1
1171,20250703,1
1171,20250714,1
1171,20250715,1
1171,20250716,1
1172,20250704,1
1178,20250706,1
1178,20250712,1
1178,20250713,1
1179,20250707,1
1179,20250708,1
1179,20250709,1
1179,20250710,1
1179,20250711,1
1195,20250519,1
1195,20250520,1
1195,20250521,1
1195,20250522,1
1195,20250523,1
1195,20250526,1
1195,20250527,1
1195,20250528,1
1195,20250529,1
1195,20250530,1
1195,20250602,1
1195,20250603,1
1195,20250604,1
1195,20250605,1
1195,20250606,1
1195,20250609,1
1195,20250610,1
1195,20250611,1
1195,20250612,1
1195,20250613,1
1195,20250616,1
1195,20250617,1
1195,20250618,1
1195,20250619,1
1195,20250620,1
1195,20250623,1
1195,20250624,1
1195,20250625,1
1195,20250626,1
1195,20250627,1
1195,20250630,1
1196,20250517,1
1196,20250524,1
1196,20250531,1
1196,20250607,1
1196,20250614,1
1196,20250621,1
1196,20250628,1
1197,20250518,1
1197,20250525,1
1197,20250601,1
1197,20250608,1
1197,20250615,1
1197,20250622,1
1197,20250629,1
1198,20250701,1
1198,20250702,1
1198,20250703,1
1198,20250704,1
1198,20250707,1
1198,20250708,1
1198,20250709,1
1198,20250710,1
1198,20250711,1
1198,20250714,1
1198,20250715,1
1198,20250716,1
1199,20250705,1
1199,20250712,1
1200,20250706,1
1200,20250713,1
1214,20250517,1
1214,20250524,1
1214,20250531,1
1214,20250607,1
1214,20250614,1
1214,20250621,1
1214,20250628,1
1214,20250705,1
1214,20250712,1
1215,20250518,1
1215,20250525,1
1215,20250601,1
1215,20250608,1
1215,20250615,1
1215,20250622,1
1215,20250629,1
1215,20250706,1
1215,20250713,1
1225,20250519,1
1225,20250520,1
1225,20250521,1
1225,20250522,1
1225,20250523,1
1225,20250526,1
1225,20250527,1
1225,20250528,1
1225,20250529,1
1225,20250530,1
1225,20250602,1
1225,20250603,1
1225,20250604,1
1225,20250605,1
1225,20250606,1
1225,20250609,1
1225,20250610,1
1225,20250611,1
1225,20250612,1
1225,20250613,1
1225,20250616,1
1225,20250617,1
1225,20250618,1
1225,20250619,1
1225,20250620,1
1225,20250623,1
1225,20250624,1
1225,20250625,1
1225,20250626,1
1225,20250627,1
1225,20250630,1
1227,20250519,1
1227,20250520,1
1227,20250521,1
1227,20250522,1
1227,20250523,1
1227,20250526,1
1227,20250527,1
1227,20250528,1
1227,20250529,1
1227,20250530,1
1227,20250602,1
1227,20250603,1
1227,20250604,1
1227,20250605,1
1227,20250606,1
1227,20250609,1
1227,20250610,1
1227,20250611,1
1227,20250612,1
1227,20250613,1
1227,20250616,1
1227,20250617,1
1227,20250618,1
1227,20250619,1
1227,20250620,1
1227,20250623,1
1227,20250624,1
1227,20250625,1
1227,20250626,1
1227,20250627,1
1227,20250630,1
1229,20250517,1
1229,20250524,1
1229,20250531,1
1229,20250607,1
1229,20250614,1
1229,20250621,1
1229,20250628,1
1230,20250518,1
1230,20250525,1
1230,20250601,1
1230,20250608,1
1230,20250615,1
1230,20250622,1
1230,20250629,1
1232,20250519,1
1232,20250520,1
1232,20250521,1
1232,20250522,1
1232,20250526,1
1232,20250527,1
1232,20250528,1
1232,20250529,1
1232,20250602,1
1232,20250603,1
1232,20250604,1
1232,20250605,1
1232,20250609,1
1232,20250610,1
1232,20250611,1
1232,20250612,1
1232,20250616,1
1232,20250617,1
1232,20250618,1
1232,20250619,1
1232,20250623,1
1232,20250624,1
1232,20250625,1
1232,20250626,1
1232,20250630,1
1233,20250523,1
1233,20250530,1
1233,20250606,1
1233,20250613,1
1233,20250620,1
1233,20250627,1
1234,20250517,1
1234,20250524,1
1234,20250531,1
1234,20250607,1
1234,20250614,1
1234,20250621,1
1234,20250628,1
1235,20250518,1
1235,20250525,1
1235,20250601,1
1235,20250608,1
1235,20250615,1
1235,20250622,1
1235,20250629,1
1276,20250705,1
1279,20250701,1
1279,20250702,1
1279,20250703,1
1279,20250704,1
1279,20250707,1
1279,20250708,1
1279,20250709,1
1279,20250710,1
1279,20250711,1
1279,20250714,1
1279,20250715,1
1279,20250716,1
1280,20250701,1
1280,20250702,1
1280,20250703,1
1280,20250704,1
1280,20250707,1
1280,20250708,1
1280,20250709,1
1280,20250710,1
1280,20250711,1
1280,20250714,1
1280,20250715,1
1280,20250716,1
1281,20250705,1
1281,20250712,1
1282,20250706,1
1282,20250713,1
1284,20250701,1
1284,20250702,1
1284,20250703,1
1284,20250707,1
1284,20250708,1
1284,20250709,1
1284,20250710,1
1284,20250714,1
1284,20250715,1
1284,20250716,1
1285,20250704,1
1285,20250711,1
1286,20250705,1
1286,20250712,1
1287,20250706,1
1287,20250713,1
1288,20250519,1
1288,20250520,1
1288,20250521,1
1288,20250522,1
1288,20250526,1
1288,20250527,1
1288,20250528,1
1288,20250529,1
1288,20250602,1
1288,20250603,1
1288,20250604,1
1288,20250605,1
1288,20250609,1
1288,20250610,1
1288,20250611,1
1288,20250612,1
1288,20250616,1
1288,20250617,1
1288,20250618,1
1288,20250619,1
1288,20250623,1
1288,20250624,1
1288,20250625,1
1288,20250626,1
1288,20250630,1
1288,20250701,1
1288,20250702,1
1288,20250703,1
1288,20250707,1
1288,20250708,1
1288,20250709,1
1288,20250710,1
1288,20250714,1
1288,20250715,1
1288,20250716,1
1289,20250523,1
1289,20250530,1
1289,20250606,1
1289,20250613,1
1289,20250620,1
1289,20250627,1
1289,20250704,1
1289,20250711,1
1290,20250517,1
1290,20250518,1
1290,20250524,1
1290,20250525,1
1290,20250531,1
1290,20250601,1
1290,20250607,1
1290,20250608,1
1290,20250614,1
1290,20250615,1
1290,20250621,1
1290,20250622,1
1290,20250628,1
1290,20250629,1
1290,20250705,1
1290,20250706,1
1290,20250712,1
1290,20250713,1
1291,20250517,1
1291,20250518,1
1291,20250524,1
1291,20250525,1
1291,20250531,1
1291,20250601,1
1291,20250607,1
1291,20250608,1
1291,20250614,1
1291,20250615,1
1291,20250621,1
1291,20250622,1
1291,20250628,1
1291,20250629,1
1291,20250705,1
1291,20250706,1
1291,20250712,1
1291,20250713,1
1292,20250519,1
1292,20250520,1
1292,20250521,1
1292,20250522,1
1292,20250523,1
1292,20250526,1
1292,20250527,1
1292,20250528,1
1292,20250529,1
1292,20250530,1
1292,20250602,1
1292,20250603,1
1292,20250604,1
1292,20250605,1
1292,20250606,1
1292,20250609,1
1292,20250610,1
1292,20250611,1
1292,20250612,1
1292,20250613,1
1292,20250616,1
1292,20250617,1
1292,20250618,1
1292,20250619,1
1292,20250620,1
1292,20250623,1
1292,20250624,1
1292,20250625,1
1292,20250626,1
1292,20250627,1
1292,20250630,1
1292,20250701,1
1292,20250702,1
1292,20250703,1
1292,20250704,1
1292,20250707,1
1292,20250708,1
1292,20250709,1
1292,20250710,1
1292,20250711,1
1292,20250714,1
1292,20250715,1
1292,20250716,1
1293,20250517,1
1293,20250518,1
1293,20250524,1
1293,20250525,1
1293,20250531,1
1293,20250601,1
1293,20250607,1
1293,20250608,1
1293,20250614,1
1293,20250615,1
1293,20250621,1
1293,20250622,1
1293,20250628,1
1293,20250629,1
1293,20250705,1
1293,20250706,1
1293,20250712,1
1293,20250713,1
1294,20250519,1
1294,20250520,1
1294,20250521,1
1294,20250522,1
1294,20250523,1
1294,20250526,1
1294,20250527,1
1294,20250528,1
1294,20250529,1
1294,20250530,1
1294,20250602,1
1294,20250603,1
1294,20250604,1
1294,20250605,1
1294,20250606,1
1294,20250609,1
1294,20250610,1
1294,20250611,1
1294,20250612,1
1294,20250613,1
1294,20250616,1
1294,20250617,1
1294,20250618,1
1294,20250619,1
1294,20250620,1
1294,20250623,1
1294,20250624,1
1294,20250625,1
1294,20250626,1
1294,20250627,1
1294,20250630,1
1294,20250701,1
1294,20250702,1
1294,20250703,1
1294,20250704,1
1294,20250707,1
1294,20250708,1
1294,20250709,1
1294,20250710,1
1294,20250711,1
1294,20250714,1
1294,20250715,1
1294,20250716,1
1295,20250519,1
1295,20250520,1
1295,20250521,1
1295,20250522,1
1295,20250523,1
1295,20250526,1
1295,20250527,1
1295,20250528,1
1295,20250529,1
1295,20250530,1
1295,20250602,1
1295,20250603,1
1295,20250604,1
1295,20250605,1
1295,20250606,1
1295,20250609,1
1295,20250610,1
1295,20250611,1
1295,20250612,1
1295,20250613,1
1295,20250616,1
1295,20250617,1
1295,20250618,1
1295,20250619,1
1295,20250620,1
1295,20250623,1
1295,20250624,1
1295,20250625,1
1295,20250626,1
1295,20250627,1
1295,20250630,1
1295,20250701,1
1295,20250702,1
1295,20250703,1
1295,20250704,1
1295,20250707,1
1295,20250708,1
1295,20250709,1
1295,20250710,1
1295,20250711,1
1295,20250714,1
1295,20250715,1
1295,20250716,1
1296,20250517,1
1296,20250518,1
1296,20250524,1
1296,20250525,1
1296,20250531,1
1296,20250601,1
1296,20250607,1
1296,20250608,1
1296,20250614,1
1296,20250615,1
1296,20250621,1
1296,20250622,1
1296,20250628,1
1296,20250629,1
1296,20250705,1
1296,20250706,1
1296,20250712,1
1296,20250713,1
1297,20250519,1
1297,20250520,1
1297,20250521,1
1297,20250522,1
1297,20250523,1
1297,20250526,1
1297,20250527,1
1297,20250528,1
1297,20250529,1
1297,20250530,1
1297,20250602,1
1297,20250603,1
1297,20250604,1
1297,20250605,1
1297,20250606,1
1297,20250609,1
1297,20250610,1
1297,20250611,1
1297,20250612,1
1297,20250613,1
1297,20250616,1
1297,20250617,1
1297,20250618,1
1297,20250619,1
1297,20250620,1
1297,20250623,1
1297,20250624,1
1297,20250625,1
1297,20250626,1
1297,20250627,1
1297,20250630,1
1297,20250701,1
1297,20250702,1
1297,20250703,1
1297,20250704,1
1297,20250707,1
1297,20250708,1
1297,20250709,1
1297,20250710,1
1297,20250711,1
1297,20250714,1
1297,20250715,1
1297,20250716,1
1298,20250517,1
1298,20250518,1
1298,20250524,1
1298,20250525,1
1298,20250531,1
1298,20250601,1
1298,20250607,1
1298,20250608,1
1298,20250614,1
1298,20250615,1
1298,20250621,1
1298,20250622,1
1298,20250628,1
1298,20250629,1
1298,20250705,1
1298,20250706,1
1298,20250712,1
1298,20250713,1
1299,20250519,1
1299,20250520,1
1299,20250521,1
1299,20250522,1
1299,20250523,1
1299,20250526,1
1299,20250527,1
1299,20250528,1
1299,20250529,1
1299,20250530,1
1299,20250602,1
1299,20250603,1
1299,20250604,1
1299,20250605,1
1299,20250606,1
1299,20250609,1
1299,20250610,1
1299,20250611,1
1299,20250612,1
1299,20250613,1
1299,20250616,1
1299,20250617,1
1299,20250618,1
1299,20250619,1
1299,20250620,1
1299,20250623,1
1299,20250624,1
1299,20250625,1
1299,20250626,1
1299,20250627,1
1299,20250630,1
1299,20250701,1
1299,20250702,1
1299,20250703,1
1299,20250704,1
1299,20250707,1
1299,20250708,1
1299,20250709,1
1299,20250710,1
1299,20250711,1
1299,20250714,1
1299,20250715,1
1299,20250716,1
1300,20250517,1
1300,20250518,1
1300,20250524,1
1300,20250525,1
1300,20250531,1
1300,20250601,1
1300,20250607,1
1300,20250608,1
1300,20250614,1
1300,20250615,1
1300,20250621,1
1300,20250622,1
1300,20250628,1
1300,20250629,1
1300,20250705,1
1300,20250706,1
1300,20250712,1
1300,20250713,1
1301,20250519,1
1301,20250520,1
1301,20250521,1
1301,20250522,1
1301,20250523,1
1301,20250526,1
1301,20250527,1
1301,20250528,1
1301,20250529,1
1301,20250530,1
1301,20250602,1
1301,20250603,1
1301,20250604,1
1301,20250605,1
1301,20250606,1
1301,20250609,1
1301,20250610,1
1301,20250611,1
1301,20250612,1
1301,20250613,1
1301,20250616,1
1301,20250617,1
1301,20250618,1
1301,20250619,1
1301,20250620,1
1301,20250623,1
1301,20250624,1
1301,20250625,1
1301,20250626,1
1301,20250627,1
1301,20250630,1
1301,20250701,1
1301,20250702,1
1301,20250703,1
1301,20250704,1
1301,20250707,1
1301,20250708,1
1301,20250709,1
1301,20250710,1
1301,20250711,1
1301,20250714,1
1301,20250715,1
1301,20250716,1
