service_id,monday,tuesday,wednesday,thursday,friday,saturday,sunday,start_date,end_date
281,0,0,0,0,1,0,0,20250606,20250711
282,0,0,0,0,0,1,0,20250607,20250712
420,1,1,1,1,0,0,0,20250602,20250716
696,1,1,1,1,0,0,0,20250519,20250630
697,0,0,0,0,1,0,0,20250523,20250627
698,1,1,1,1,0,0,0,20250701,20250716
699,0,0,0,0,1,0,0,20250704,20250711
700,0,0,0,0,0,0,1,20250518,20250629
702,0,0,0,0,0,0,1,20250706,20250713
706,0,0,0,0,1,0,0,20250523,20250627
707,1,1,1,1,0,0,0,20250519,20250630
709,0,0,0,0,0,0,1,20250518,20250629
710,0,0,0,0,1,0,0,20250704,20250711
711,1,1,1,1,0,0,0,20250701,20250716
713,0,0,0,0,0,0,1,20250706,20250713
718,1,1,1,1,1,0,0,20250519,20250716
719,1,1,1,1,1,0,0,20250519,20250716
723,1,1,1,1,1,0,0,20250519,20250716
731,1,1,1,1,1,0,0,20250519,20250716
732,1,1,1,1,1,0,0,20250519,20250716
741,1,1,1,1,1,0,0,20250519,20250530
761,1,1,1,1,1,0,0,20250519,20250716
763,1,1,1,1,1,0,0,20250519,20250716
765,1,1,1,1,1,0,0,20250519,20250716
767,1,1,1,1,1,0,0,20250519,20250716
769,1,1,1,1,1,0,0,20250519,20250716
771,1,1,1,1,1,0,0,20250519,20250716
773,1,1,1,1,1,0,0,20250519,20250630
775,1,1,1,1,1,0,0,20250701,20250716
777,1,1,1,1,1,0,0,20250519,20250716
781,1,1,1,1,1,0,0,20250519,20250716
783,1,1,1,1,1,0,0,20250519,20250716
785,1,1,1,1,1,0,0,20250519,20250716
787,1,1,1,1,1,0,0,20250519,20250716
791,1,1,1,1,1,0,0,20250519,20250716
795,1,1,1,1,1,0,0,20250519,20250716
803,1,1,1,1,1,0,0,20250519,20250716
807,1,1,1,1,1,0,0,20250519,20250716
814,1,1,1,1,1,0,0,20250519,20250716
816,1,1,1,1,1,0,0,20250519,20250716
819,0,0,0,0,0,1,1,20250517,20250713
868,0,0,0,0,0,1,1,20250517,20250713
871,0,0,0,0,0,1,1,20250517,20250713
872,0,0,0,0,0,1,1,20250517,20250713
876,0,0,0,0,0,1,1,20250517,20250531
882,0,0,0,0,0,0,1,20250601,20250713
883,0,0,0,0,0,1,0,20250517,20250628
884,0,0,0,0,0,1,0,20250517,20250628
885,0,0,0,0,0,1,0,20250705,20250712
886,0,0,0,0,0,1,0,20250705,20250712
894,0,0,0,0,0,1,1,20250517,20250713
895,0,0,0,0,0,1,1,20250517,20250713
896,0,0,0,0,0,1,1,20250517,20250713
897,0,0,0,0,0,1,1,20250517,20250713
898,0,0,0,0,0,1,1,20250517,20250713
899,0,0,0,0,0,1,1,20250517,20250713
900,0,0,0,0,0,1,1,20250517,20250713
901,0,0,0,0,0,1,1,20250517,20250629
902,0,0,0,0,0,1,1,20250705,20250713
903,0,0,0,0,0,1,1,20250517,20250713
905,0,0,0,0,0,1,1,20250517,20250713
906,0,0,0,0,0,1,1,20250517,20250713
907,0,0,0,0,0,1,1,20250517,20250713
908,0,0,0,0,0,1,1,20250517,20250713
909,0,0,0,0,0,1,1,20250517,20250713
912,0,0,0,0,0,1,1,20250517,20250713
915,0,0,0,0,0,1,1,20250517,20250713
918,0,0,0,0,0,1,1,20250517,20250713
920,1,1,1,1,1,0,0,20250519,20250716
921,0,0,0,0,0,1,1,20250517,20250713
922,1,1,1,1,1,0,0,20250519,20250716
923,0,0,0,0,0,1,1,20250517,20250713
924,1,1,1,1,1,0,0,20250519,20250716
925,0,0,0,0,0,1,1,20250517,20250713
926,1,1,1,1,1,0,0,20250602,20250716
927,0,0,0,0,0,1,1,20250601,20250713
929,1,1,1,1,1,0,0,20250519,20250716
930,0,0,0,0,0,1,1,20250517,20250713
1001,1,1,1,1,1,0,0,20250519,20250716
1002,0,0,0,0,0,1,1,20250517,20250713
1021,0,0,0,0,0,1,1,20250517,20250713
1022,1,1,1,1,1,0,0,20250519,20250716
1044,1,1,1,1,1,0,0,20250519,20250716
1045,0,0,0,0,0,1,1,20250517,20250713
1046,1,1,1,1,1,0,0,20250519,20250716
1047,0,0,0,0,0,1,1,20250517,20250713
1049,1,1,1,1,1,0,0,20250519,20250716
1050,0,0,0,0,0,1,1,20250517,20250713
1075,1,1,1,1,0,0,0,20250519,20250529
1076,0,0,0,0,1,0,0,20250523,20250530
1077,0,0,0,0,0,1,0,20250517,20250531
1078,0,0,0,0,0,0,1,20250518,20250525
1118,1,1,1,1,1,0,0,20250519,20250716
1119,0,0,0,0,0,1,1,20250517,20250713
1167,1,1,1,1,0,0,0,20250519,20250630
1168,0,0,0,0,1,0,0,20250523,20250627
1169,0,0,0,0,0,1,0,20250517,20250628
1170,0,0,0,0,0,0,1,20250518,20250629
1171,1,1,1,1,0,0,0,20250701,20250716
1172,0,0,0,0,1,0,0,20250704,20250704
1178,1,1,1,1,1,1,1,20250706,20250713
1179,1,1,1,1,1,1,1,20250707,20250711
1195,1,1,1,1,1,0,0,20250519,20250630
1196,0,0,0,0,0,1,0,20250517,20250628
1197,0,0,0,0,0,0,1,20250518,20250629
1198,1,1,1,1,1,0,0,20250701,20250716
1199,0,0,0,0,0,1,0,20250705,20250712
1200,0,0,0,0,0,0,1,20250706,20250713
1214,0,0,0,0,0,1,0,20250517,20250712
1215,0,0,0,0,0,0,1,20250518,20250713
1225,1,1,1,1,1,0,0,20250519,20250630
1227,1,1,1,1,1,0,0,20250519,20250630
1229,0,0,0,0,0,1,0,20250517,20250628
1230,0,0,0,0,0,0,1,20250518,20250629
1232,1,1,1,1,0,0,0,20250519,20250630
1233,0,0,0,0,1,0,0,20250523,20250627
1234,0,0,0,0,0,1,0,20250517,20250628
1235,0,0,0,0,0,0,1,20250518,20250629
1276,1,1,1,1,1,1,1,20250705,20250705
1279,1,1,1,1,1,0,0,20250701,20250716
1280,1,1,1,1,1,0,0,20250701,20250716
1281,0,0,0,0,0,1,0,20250705,20250712
1282,0,0,0,0,0,0,1,20250706,20250713
1284,1,1,1,1,0,0,0,20250701,20250716
1285,0,0,0,0,1,0,0,20250704,20250711
1286,0,0,0,0,0,1,0,20250705,20250712
1287,0,0,0,0,0,0,1,20250706,20250713
1288,1,1,1,1,0,0,0,20250519,20250716
1289,0,0,0,0,1,0,0,20250523,20250711
1290,0,0,0,0,0,1,1,20250517,20250713
1291,0,0,0,0,0,1,1,20250517,20250713
1292,1,1,1,1,1,0,0,20250519,20250716
1293,0,0,0,0,0,1,1,20250517,20250713
1294,1,1,1,1,1,0,0,20250519,20250716
1295,1,1,1,1,1,0,0,20250519,20250716
1296,0,0,0,0,0,1,1,20250517,20250713
1297,1,1,1,1,1,0,0,20250519,20250716
1298,0,0,0,0,0,1,1,20250517,20250713
1299,1,1,1,1,1,0,0,20250519,20250716
1300,0,0,0,0,0,1,1,20250517,20250713
1301,1,1,1,1,1,0,0,20250519,20250716
